{
  "a0": 0.11849729804211151, 
  "a1": 0.0, 
  "a2": 0.99627061060132394, 
  "a3": -0.04044653840461742, 
  "a4": 0.0, 
  "a5": 0.0
}