{
  "a0": 0.74450523762276077, 
  "a1": 0.0039423218162236836, 
  "a2": 0.96666368180078677, 
  "a3": -0.079002510248497373, 
  "a4": 1.011446203848346e-05, 
  "a5": 0.0
}