{
  "a0": 0.64229867184473832, 
  "a1": 0.0, 
  "a2": 0.97428146907789381, 
  "a3": -0.030241721491301707, 
  "a4": 0.0, 
  "a5": 0.0
}