{
  "a0": 0.24141432558286677, 
  "a1": 3.8209870473456475e-18, 
  "a2": 0.98999999999999988, 
  "a3": -0.0047283233376445924, 
  "a4": 0.10000000000000001, 
  "a5": 6.8809340039125067e-07
}