{
  "a0": 0.20841112168998055, 
  "a1": 0.0006757864099343838, 
  "a2": 0.98999999999999988, 
  "a3": -0.012823089017309663, 
  "a4": 0.10000000000000001, 
  "a5": 1.2805129423736709e-24
}