{
  "a0": 0.22595691773900081, 
  "a1": 7.3701305206323568e-19, 
  "a2": 0.98999999999999988, 
  "a3": -0.0039013335970884307, 
  "a4": 0.10000000000000001, 
  "a5": 5.9722036482739676e-07
}