{
  "a0": 1.2443882473535413, 
  "a1": 0.001412290459619561, 
  "a2": 0.94567669758222317, 
  "a3": -0.11602288086424885, 
  "a4": 0.10000000000000001, 
  "a5": 9.1148234341831553e-15
}