{
  "a0": 0.68812815806535943, 
  "a1": 0.0018742903967399003, 
  "a2": 0.96953464576871318, 
  "a3": -0.12711818414844983, 
  "a4": 0.10000000000000001, 
  "a5": 7.2403867033609505e-20
}