{
  "a0": 1.0176350680515784, 
  "a1": 1.6818528093513401e-05, 
  "a2": 0.9469465938718149, 
  "a3": -0.013238607971965714, 
  "a4": 0.10000000000000001, 
  "a5": 0.00014397180913043817
}