{
  "a0": 1.5814481110205201, 
  "a1": 1.6896302798376593e-20, 
  "a2": 0.92111811200808236, 
  "a3": -0.064033299391589457, 
  "a4": 0.10000000000000001, 
  "a5": 0.00025621907424805781
}