{
  "a0": 1.1291578948685816, 
  "a1": 8.7933079588280151e-19, 
  "a2": 0.96050547323222857, 
  "a3": -0.15621920166470107, 
  "a4": 0.10000000000000001, 
  "a5": 2.8122307514059207e-23
}