{
  "a0": 2.5925191956792344, 
  "a1": 8.240113761922539e-26, 
  "a2": 0.8941783656980169, 
  "a3": -0.05357453565909194, 
  "a4": 0.10000000000000001, 
  "a5": 5.7940209631235498e-06
}