{
  "a0": 3.8606341950173033, 
  "a1": 3.39751545041243e-24, 
  "a2": 0.83211585251118858, 
  "a3": -0.084527408737208293, 
  "a4": 0.10000000000000001, 
  "a5": 1.2643371031972841e-05
}