{
  "a0": 0.11623451932544061, 
  "a1": 0.0041908466708891765, 
  "a2": 0.98999999988378029, 
  "a3": -0.0086628778773975134, 
  "a4": 0.10000000000000001, 
  "a5": 1.4080919164193528e-14
}