{
  "a0": 0.63375499184689221, 
  "a1": 0.00036184989141299011, 
  "a2": 0.97293407429838341, 
  "a3": -0.040725027411887979, 
  "a4": 1.9428902930940239e-16, 
  "a5": 1.324401259150676e-05
}