{
  "a0": 2.5013252345590873, 
  "a1": 3.8398519466828106e-26, 
  "a2": 0.88951128569618543, 
  "a3": -0.0049424111737334077, 
  "a4": 0.10000000000000001, 
  "a5": 1.387462114700546e-05
}