{
  "a0": 0.14554744994972069, 
  "a1": 0.0, 
  "a2": 0.99382558035905022, 
  "a3": -0.0048661833410537326, 
  "a4": 2.2255528309843176e-06, 
  "a5": 0.0
}