{
  "a0": 3.595769879973294, 
  "a1": 0.0085137569828873418, 
  "a2": 0.83733133858068243, 
  "a3": -0.51712588619259059, 
  "a4": 0.10000000000000001, 
  "a5": 5.7620975359337344e-21
}