{
  "a0": 11.305798997829362, 
  "a1": 9.7558710876430961e-22, 
  "a2": 0.50732081829437292, 
  "a3": -0.24700662250276331, 
  "a4": 0.10000000000000001, 
  "a5": 3.8922640291279257e-05
}