{
  "a0": 7.3432042342198045, 
  "a1": 8.1168625180393632e-13, 
  "a2": 0.67661642840018088, 
  "a3": -0.015159723461884121, 
  "a4": 0.10000000000000001, 
  "a5": 4.1693981970327801e-05
}