{
  "a0": 0.23880228979675816, 
  "a1": 0.00079356807880052635, 
  "a2": 0.98999999999998634, 
  "a3": -0.026624260066577306, 
  "a4": 0.10000000000000001, 
  "a5": 8.4577491509370574e-06
}