{
  "a0": 0.16919577488053392, 
  "a1": 0.0025049165160531263, 
  "a2": 0.98999999999999988, 
  "a3": -0.0025304103707891614, 
  "a4": 0.10000000000000001, 
  "a5": 1.3697945471907399e-05
}