{
  "a0": 5.6165938330595928, 
  "a1": 0.0, 
  "a2": 0.77393193493540824, 
  "a3": -0.092474386352070198, 
  "a4": 8.6060548734080282e-06, 
  "a5": 0.0
}