{
  "a0": 0.29422266885997317, 
  "a1": 0.0026893565068366594, 
  "a2": 0.98526226244728632, 
  "a3": -0.036811407736176902, 
  "a4": 6.3374798171655897e-06, 
  "a5": 4.2974079093561481e-06
}