{
  "a0": 0.64838748455890993, 
  "a1": 0.0, 
  "a2": 0.9838270276134703, 
  "a3": -0.034139839994407263, 
  "a4": 2.523765440822266e-06, 
  "a5": 0.0
}