{
  "a0": 0.77351885800061737, 
  "a1": 0.00053999123515751821, 
  "a2": 0.96810411214310843, 
  "a3": -0.012718502832450547, 
  "a4": 1.196772728338279e-06, 
  "a5": 3.5297470496690837e-07
}