{
  "a0": 0.84631926532753354, 
  "a1": 0.0013591492710528798, 
  "a2": 0.9642738841850248, 
  "a3": -0.0018054374407772593, 
  "a4": 1.2484698346379347e-07, 
  "a5": 1.1678381767001101e-06
}