{
  "a0": 0.85153678498985386, 
  "a1": 0.0, 
  "a2": 0.9763625483280669, 
  "a3": -0.35472293729226678, 
  "a4": 1.6845318155781352e-05, 
  "a5": 0.0
}