{
  "a0": 4.8724738365433993, 
  "a1": 0.01462756855514266, 
  "a2": 0.78860883441038743, 
  "a3": -0.46703003589114012, 
  "a4": 6.028686363628192e-05, 
  "a5": 0.0
}