{
  "a0": 0.39110161633143647, 
  "a1": 0.0, 
  "a2": 0.98435663867680268, 
  "a3": -0.025363395246020833, 
  "a4": 1.5646227780052707e-06, 
  "a5": 0.0
}