{
  "a0": 2.7956964259038148, 
  "a1": 0.0050281798607312283, 
  "a2": 0.87517764373535034, 
  "a3": -0.26061733737306336, 
  "a4": 0.10000000000000001, 
  "a5": 1.2746171566801523e-05
}