{
  "a0": 4.8259147739015393, 
  "a1": 2.0899452199391639e-25, 
  "a2": 0.8028763537622654, 
  "a3": -0.099810286682674984, 
  "a4": 0.10000000000000001, 
  "a5": 1.1269414052910231e-05
}