{
  "a0": -0.23035002835797769, 
  "a1": 0.010644671458148978, 
  "a2": 0.98999999999726984, 
  "a3": -0.0060653735228551444, 
  "a4": 0.10000000000000001, 
  "a5": 0.00020766753771628757
}