{
  "a0": 4.2642629809185095, 
  "a1": 1.0690783761339398e-14, 
  "a2": 0.81115611323479042, 
  "a3": -0.0084556519398941155, 
  "a4": 0.10000000000000001, 
  "a5": 2.4977077391477661e-05
}