{
  "a0": 0.11340756986723477, 
  "a1": 0.0, 
  "a2": 0.99617854489524849, 
  "a3": -0.029464529285381773, 
  "a4": 1.5754737157333571e-06, 
  "a5": 0.0
}