{
  "a0": 0.36964762971227216, 
  "a1": 0.0, 
  "a2": 0.98495303830576886, 
  "a3": -0.022025363853241754, 
  "a4": 2.6901089373563133e-06, 
  "a5": 0.0
}