{
  "a0": 0.5974748546993176, 
  "a1": 0.0, 
  "a2": 0.97469631966605175, 
  "a3": -0.021273782881900512, 
  "a4": 9.8305313564094701e-06, 
  "a5": 0.0
}