{
  "a0": 0.53439066715345618, 
  "a1": 0.0016434009901094674, 
  "a2": 0.97704314703447614, 
  "a3": -0.010254795195250518, 
  "a4": 1.0483679693993571e-06, 
  "a5": 8.8804605202000659e-07
}