{
  "a0": 1.5833153263671362, 
  "a1": 0.0042631439617329151, 
  "a2": 0.92900755695112025, 
  "a3": -0.2641770345062941, 
  "a4": 0.10000000000000001, 
  "a5": 7.7170262128646709e-16
}