{
  "a0": 3.4636197780103024, 
  "a1": 9.9676677451381991e-21, 
  "a2": 0.8288525641487634, 
  "a3": -0.16849053577883333, 
  "a4": 0.10000000000000001, 
  "a5": 0.00053838058257033592
}