{
  "a0": 4.762794499066815, 
  "a1": 1.5993634205158568e-24, 
  "a2": 0.80101002908681329, 
  "a3": -0.55386952123646671, 
  "a4": 0.10000000000000001, 
  "a5": 0.00017825782214028898
}