{
  "a0": 6.8564691310447454, 
  "a1": 3.9080893418959918e-23, 
  "a2": 0.70172577436387784, 
  "a3": -0.15004153573943935, 
  "a4": 0.10000000000000001, 
  "a5": 2.2696134166533326e-05
}