{
  "a0": 1.4953280956293185, 
  "a1": 0.00035653168791950195, 
  "a2": 0.93632300623556064, 
  "a3": -0.081282257376530026, 
  "a4": 0.10000000000000001, 
  "a5": 2.4855597961308535e-05
}