{
  "a0": 0.22427698295211573, 
  "a1": 0.0091962436283523838, 
  "a2": 0.96871277474228379, 
  "a3": -0.00014116099376421977, 
  "a4": 2.2204460492503131e-16, 
  "a5": 0.0003205269904258401
}