{
  "a0": 5.3062497535368927, 
  "a1": 0.013973276772164785, 
  "a2": 0.77638643626087978, 
  "a3": -0.51670708672821741, 
  "a4": 4.6782375708112882e-05, 
  "a5": 0.0
}