{
  "a0": 3.6226824546132725, 
  "a1": 0.0, 
  "a2": 0.85688442450713598, 
  "a3": -0.26887152846734569, 
  "a4": 1.6893492782783975e-05, 
  "a5": 0.0
}