{
  "a0": 5.110710225179286, 
  "a1": 0.0, 
  "a2": 0.79429888454816089, 
  "a3": -0.13106586212030058, 
  "a4": 0.0, 
  "a5": 0.0
}