{
  "a0": 6.2507164521107974, 
  "a1": 0.0, 
  "a2": 0.75080902770639646, 
  "a3": -0.30987998371229769, 
  "a4": 0.0, 
  "a5": 0.0
}