{
  "a0": 6.1281543300910784, 
  "a1": 0.0, 
  "a2": 0.75844243525044419, 
  "a3": -0.099932423553851499, 
  "a4": 0.0, 
  "a5": 0.0
}