{
  "d0": -33.843310269821444, 
  "d1": 4.3579702952160231, 
  "d2": 7.5051479752098654e-05
}