{
  "c0": -0.51368824702084659, 
  "c1": 0.47671652015448535, 
  "c2": 0.088079935051573729
}