{
  "c0": -2.4579750737577655, 
  "c1": 0.40961486311002104, 
  "c2": 0.010074426803579608
}