{
  "c0": -0.69418072943144082, 
  "c1": 0.50331970861914832, 
  "c2": 0.083255354662274669
}