{
  "c0": -5.1993964689245331e-12, 
  "c1": 1.4268404661155625, 
  "c2": 0
}