{
  "a0": 0.32350821583009265, 
  "a1": 0.0019370673328994367, 
  "a2": 0.98488631639664781, 
  "a3": -0.04832969116621301, 
  "a4": 1.9637069748057456e-15, 
  "a5": 8.7448957061253552e-06
}