{
  "a0": 6.6232440933925814, 
  "a1": 0.014806702261525664, 
  "a2": 0.69623147609135017, 
  "a3": -0.60677304212008742, 
  "a4": 0.10000000000000001, 
  "a5": 0.00010859500370997779
}