{
  "a0": 2.5124334295685924, 
  "a1": 0.011180427424348131, 
  "a2": 0.88197931848616018, 
  "a3": -0.33964357890555724, 
  "a4": 0.10000000000000001, 
  "a5": 8.2374991038011822e-05
}