{
  "a0": 0.91578664101262908, 
  "a1": 3.2679486360469975e-23, 
  "a2": 0.98345856300960355, 
  "a3": -0.59324472204896594, 
  "a4": 0.10000000000000001, 
  "a5": 4.0143258499826374e-26
}