{
  "a0": 3.5957698799732896, 
  "a1": 0.0085137569828873747, 
  "a2": 0.83733133858068254, 
  "a3": -0.51712588619258959, 
  "a4": 0.10000000000000001, 
  "a5": 5.7624732609165603e-21
}