{
  "a0": 0.6831360890564403, 
  "a1": 0.0099622464370919175, 
  "a2": 0.97062605169906935, 
  "a3": -0.40666188319181984, 
  "a4": 0.10000000000000001, 
  "a5": 4.8441417898930325e-06
}