{
  "a0": 5.6060432067189438, 
  "a1": 0.010448754870756295, 
  "a2": 0.72026622399367646, 
  "a3": -0.28080920080472171, 
  "a4": 0.10000000000000001, 
  "a5": 0.00055700283644021019
}