{
  "a0": 4.6862783406351891, 
  "a1": 0.0035150979228811803, 
  "a2": 0.80854885940208487, 
  "a3": -0.52314008092913244, 
  "a4": 0.10000000000000001, 
  "a5": 8.3675169623058425e-05
}