{
  "a0": 2.6446412592169146, 
  "a1": 0.0052292969952535684, 
  "a2": 0.88918600152516525, 
  "a3": -0.30179622513365678, 
  "a4": 2.1482815526496779e-14, 
  "a5": 2.9255929567817418e-08
}