{
  "a0": 1.0419732412189964, 
  "a1": 0.007630070860056906, 
  "a2": 0.95724952392415552, 
  "a3": -0.45730511658770057, 
  "a4": 0.10000000000000001, 
  "a5": 5.2298209679654802e-06
}