{
  "a0": 1.161447906133368, 
  "a1": 6.3902802469872614e-19, 
  "a2": 0.97372546211911282, 
  "a3": -0.69059319658165885, 
  "a4": 0.10000000000000001, 
  "a5": 5.9302342892406994e-23
}