{
  "a0": 3.6953827744530576, 
  "a1": 3.4176291157989406e-23, 
  "a2": 0.84932791361335225, 
  "a3": -0.40612278035634697, 
  "a4": 0.10000000000000001, 
  "a5": 3.5194354824426225e-05
}