{
  "a0": 6.8819262377854198, 
  "a1": 2.0103038483484247e-22, 
  "a2": 0.71875301383480439, 
  "a3": -0.77803305555270252, 
  "a4": 0.10000000000000001, 
  "a5": 0.00011627260432543678
}