{
  "a0": 10.395104910691044, 
  "a1": 1.7695956835393966e-20, 
  "a2": 0.55515467613515967, 
  "a3": -1.0805512894276008, 
  "a4": 0.10000000000000001, 
  "a5": 0.00047613379715958222
}