{
  "a0": 4.0415396984240246, 
  "a1": 0.0037845468032098864, 
  "a2": 0.84166997393964293, 
  "a3": -0.38581530235809997, 
  "a4": 0.10000000000000001, 
  "a5": 7.5086554720096406e-21
}