{
  "a0": 8.4530490799959299, 
  "a1": 3.8242655497172803e-27, 
  "a2": 0.67054751493977294, 
  "a3": -0.65190159502856426, 
  "a4": 0.10000000000000001, 
  "a5": 2.6566107772864883e-20
}