{
  "a0": 3.361371256674667, 
  "a1": 4.7699172886531525e-31, 
  "a2": 0.86462046112224233, 
  "a3": -0.065018554288208671, 
  "a4": 0.10000000000000001, 
  "a5": 3.1582271730401345e-07
}