{
  "a0": 7.3038876045871763, 
  "a1": 8.2180663322167762e-26, 
  "a2": 0.70353004590896562, 
  "a3": -0.14394540400845965, 
  "a4": 0.10000000000000001, 
  "a5": 7.9400642061628154e-06
}