{
  "a0": 10.289352649896946, 
  "a1": 9.1128077709742648e-19, 
  "a2": 0.55467202501322765, 
  "a3": -0.22896866931700377, 
  "a4": 0.10000000000000001, 
  "a5": 3.2093290973863188e-05
}