{
  "a0": 5.6989606357265963, 
  "a1": 1.0037756812254961e-19, 
  "a2": 0.75344059425786769, 
  "a3": -0.12847993109212211, 
  "a4": 0.10000000000000001, 
  "a5": 1.6570326784753956e-05
}