{
  "a0": 5.9072218214513139, 
  "a1": 0.028986515508868462, 
  "a2": 0.72223012784468776, 
  "a3": -0.79654717992265223, 
  "a4": 5.5511151231257827e-16, 
  "a5": 8.7641116222392235e-05
}