{
  "a0": 3.3223156832621084, 
  "a1": 0.00090171142231221962, 
  "a2": 0.85636312190551678, 
  "a3": -0.36278609447651067, 
  "a4": 6.3837823915946501e-15, 
  "a5": 7.215936437166004e-05
}