{
  "a0": 2.5948283559464369, 
  "a1": 0.012179264945057829, 
  "a2": 0.87777418326946655, 
  "a3": -0.30084857605786747, 
  "a4": 2.3869795029440866e-15, 
  "a5": 2.3011875126655035e-05
}