{
  "a0": 7.6335048705613016, 
  "a1": 1.7463529019127439e-19, 
  "a2": 0.66409191870096596, 
  "a3": -0.52478236296865033, 
  "a4": 0.10000000000000001, 
  "a5": 0.00025327603548289123
}