{
  "a0": 5.6857986848214308, 
  "a1": 2.4437524888090329e-18, 
  "a2": 0.75908756062580574, 
  "a3": -0.12170153735179834, 
  "a4": 0.10000000000000001, 
  "a5": 1.0947637297083648e-05
}