{
  "a0": 2.4811921433185247, 
  "a1": 3.3358280313902474e-24, 
  "a2": 0.89558046289892768, 
  "a3": -0.054408629476622325, 
  "a4": 0.10000000000000001, 
  "a5": 3.1940335622998698e-06
}