{
  "a0": 2.378419665427844, 
  "a1": 0.01350672631671862, 
  "a2": 0.88666478470079491, 
  "a3": -0.39440549461278945, 
  "a4": 1.3766765505351941e-14, 
  "a5": 9.3133956738600254e-05
}