{
  "a0": 3.6566296559347369, 
  "a1": 0.029892003127090415, 
  "a2": 0.82003063493352046, 
  "a3": -0.069321144518313518, 
  "a4": 0.10000000000000001, 
  "a5": 0.00021004317295529682
}