{
  "a0": 0.43244612010510031, 
  "a1": 0.012239789509017702, 
  "a2": 0.98142480614055538, 
  "a3": -0.48167680531273876, 
  "a4": 0.0, 
  "a5": 1.178674414414882e-05
}