{
  "a0": 0.77195617220463841, 
  "a1": 1.6648041657693711e-25, 
  "a2": 0.98999999999999988, 
  "a3": -0.06140721876059059, 
  "a4": 0.10000000000000001, 
  "a5": 1.708746676418576e-28
}