{
  "a0": 3.388941125752774, 
  "a1": 0.0018356964981667194, 
  "a2": 0.85349005882351514, 
  "a3": -0.43367615702339612, 
  "a4": 5.5233595475101538e-15, 
  "a5": 8.8208709997483759e-05
}