{
  "a0": 5.5988706132873087, 
  "a1": 0.02948221006587046, 
  "a2": 0.73693866688372534, 
  "a3": -0.088827480273775544, 
  "a4": 0.10000000000000001, 
  "a5": 0.00010402363592071895
}