{
  "a0": 7.254128490803792, 
  "a1": 4.1878786819050951e-20, 
  "a2": 0.6820016414576614, 
  "a3": -0.054754757631303996, 
  "a4": 0.10000000000000001, 
  "a5": 0.00025331542175842142
}