{
  "a0": 2.1530530429254653, 
  "a1": 0.010019515496134657, 
  "a2": 0.9001833525909686, 
  "a3": -0.28100943461951045, 
  "a4": 0.10000000000000001, 
  "a5": 2.3407813448483083e-19
}