{
  "a0": 0.33086777581522231, 
  "a1": 0.020731804806452776, 
  "a2": 0.94247951862558133, 
  "a3": -0.004582547146895868, 
  "a4": 0.10000000000000001, 
  "a5": 0.00062391089193484909
}