{
  "a0": 2.8992434420257158, 
  "a1": 2.6035115480309023e-24, 
  "a2": 0.87866037826528309, 
  "a3": -0.068159907324089442, 
  "a4": 0.10000000000000001, 
  "a5": 3.0990136193065085e-06
}