{
  "a0": 5.9652590426116756, 
  "a1": 9.2601656844926811e-19, 
  "a2": 0.74918419923950796, 
  "a3": -0.014269231573502881, 
  "a4": 0.10000000000000001, 
  "a5": 1.0758724370474193e-05
}