{
  "a0": 2.0628442804932012, 
  "a1": 0.0022502311582901389, 
  "a2": 0.90732414885535273, 
  "a3": -0.14995007707298882, 
  "a4": 0.10000000000000001, 
  "a5": 8.5855110880034025e-15
}