{
  "a0": 0.35652684725495815, 
  "a1": 0.0050439962805375587, 
  "a2": 0.9752618137425868, 
  "a3": -0.010609306983947162, 
  "a4": 2.2204460492503131e-16, 
  "a5": 0.00016383005022257979
}