{
  "a0": 0.14082540575319702, 
  "a1": 0.0044269049792189452, 
  "a2": 0.98310688549671721, 
  "a3": -4.1478059877487919e-28, 
  "a4": 0.10000000000000001, 
  "a5": 0.00016308653762714807
}