{
  "a0": 0.023736531848541631, 
  "a1": 0.0, 
  "a2": 0.99917297468243316, 
  "a3": -0.00058578141524363479, 
  "a4": 4.3979715262502656e-08, 
  "a5": 0.0
}