{
  "a0": 0.85320084430051324, 
  "a1": 0.0028136761232094888, 
  "a2": 0.9619230620195377, 
  "a3": -0.016676545844764166, 
  "a4": 2.2359832275652798e-06, 
  "a5": 2.2420988982507625e-06
}