{
  "a0": 0.098494112629175845, 
  "a1": 3.8178483795600708e-05, 
  "a2": 0.99586422295134758, 
  "a3": -0.0051677607477573313, 
  "a4": 1.1846686158408651e-06, 
  "a5": 6.1567690934324483e-07
}