{
  "a0": 0.030682105328526887, 
  "a1": 0.0, 
  "a2": 0.9988339681375048, 
  "a3": -0.0047952652857568114, 
  "a4": 6.208210967392493e-07, 
  "a5": 0.0
}