{
  "a0": 5.0083193030801851, 
  "a1": 0.0, 
  "a2": 0.79937119354629338, 
  "a3": -0.010034062540010342, 
  "a4": 3.1092598087333784e-07, 
  "a5": 6.1968645778392378e-07
}