{
  "a0": 1.0031135132752524, 
  "a1": 0.0014747588259964883, 
  "a2": 0.95875081823578279, 
  "a3": -0.017263162175126114, 
  "a4": 5.8241667738691265e-07, 
  "a5": 5.8849790019607189e-07
}