{
  "a0": 0.71553943178728119, 
  "a1": 0.0, 
  "a2": 0.97083191927678603, 
  "a3": -0.017546974134265089, 
  "a4": 0.0, 
  "a5": 5.7555123380543427e-07
}