{
  "a0": 0.3914232514813345, 
  "a1": 1.881884092959447e-24, 
  "a2": 0.98632388566193241, 
  "a3": -0.054672688297491376, 
  "a4": 0.10000000000000001, 
  "a5": 9.2726184312015597e-22
}