{
  "a0": 0.14344650604027614, 
  "a1": 0.0022375296637558496, 
  "a2": 0.98999999999999988, 
  "a3": -0.0030409193696277351, 
  "a4": 0.10000000000000001, 
  "a5": 3.9800905656084888e-05
}