{
  "a0": 2.3259584932954267, 
  "a1": 0.0020976312146886852, 
  "a2": 0.88057404927153282, 
  "a3": -0.065188533048293112, 
  "a4": 7.2164496600635175e-16, 
  "a5": 0.00028848794714952941
}