{
  "a0": 2.3109932218061187, 
  "a1": 5.5767894897278577e-21, 
  "a2": 0.91893383249954863, 
  "a3": -0.3161903940615306, 
  "a4": 0.10000000000000001, 
  "a5": 1.3211349402575743e-26
}