{
  "a0": 4.3488871887179092, 
  "a1": 0.0040082721915839347, 
  "a2": 0.8052019469291728, 
  "a3": -0.30992145927135523, 
  "a4": 0.10000000000000001, 
  "a5": 7.14716854194934e-16
}