{
  "a0": -0.29860944482848883, 
  "a1": 0.018355742117655248, 
  "a2": 0.98999999999999988, 
  "a3": -0.01064732523409819, 
  "a4": 0.10000000000000001, 
  "a5": 0.0001510259148627332
}