{
  "a0": 0.54939630490150293, 
  "a1": 0.0031940829863902672, 
  "a2": 0.97470474134215113, 
  "a3": -0.0065473907184466313, 
  "a4": 8.9309253509872402e-07, 
  "a5": 0.0
}