{
  "a0": 0.71302018236957487, 
  "a1": 0.010094660562195604, 
  "a2": 0.95744886897469839, 
  "a3": -0.060841780877818934, 
  "a4": 0.10000000000000001, 
  "a5": 3.2732845442588267e-15
}