{
  "a0": 0.72462966105688154, 
  "a1": 0.010807839817642604, 
  "a2": 0.94985043902451016, 
  "a3": -0.022316471038241154, 
  "a4": 1.1379786002407855e-15, 
  "a5": 0.000320138548480009
}