{
  "a0": 0.21831019327320739, 
  "a1": 0.00034918717345847587, 
  "a2": 0.9899999999999598, 
  "a3": -0.017528335761477016, 
  "a4": 0.10000000000000001, 
  "a5": 4.041043809180052e-06
}