{
  "a0": 0.22031448593566452, 
  "a1": 5.2804722221154359e-05, 
  "a2": 0.98999999999999988, 
  "a3": -0.018315660770072423, 
  "a4": 0.10000000000000001, 
  "a5": 3.4339000706400129e-06
}