{
  "a0": 0.21055061045071571, 
  "a1": 5.2158832929822192e-05, 
  "a2": 0.98999999999999988, 
  "a3": -0.021223713666089904, 
  "a4": 0.10000000000000001, 
  "a5": 2.7662259407291672e-05
}