{
  "a0": 0.77926045179471615, 
  "a1": 0.0032780704238943035, 
  "a2": 0.96473918544645343, 
  "a3": -0.0020252991607020553, 
  "a4": 2.5412349641342442e-07, 
  "a5": 2.6113343329618846e-06
}