{
  "a0": 0.22784087551781826, 
  "a1": 0.00053346673963375834, 
  "a2": 0.98999999999999988, 
  "a3": -0.04159753631511582, 
  "a4": 0.10000000000000001, 
  "a5": 2.1450096370535349e-26
}