{
  "a0": 0.53746066485073973, 
  "a1": 0.00051551289517331989, 
  "a2": 0.97324799171194432, 
  "a3": -0.022835519768266796, 
  "a4": 0.10000000000000001, 
  "a5": 5.7088987563171742e-05
}