{
  "a0": 0.83634211518085988, 
  "a1": 4.3717914091694341e-25, 
  "a2": 0.96552176072974649, 
  "a3": -0.10356478195720144, 
  "a4": 0.10000000000000001, 
  "a5": 2.7330326403389971e-05
}