{
  "a0": 1.0416428735332728, 
  "a1": 1.9874708324962736e-25, 
  "a2": 0.95713586245864246, 
  "a3": -0.020920784684178424, 
  "a4": 0.10000000000000001, 
  "a5": 2.6795398744942415e-06
}