{
  "a0": 1.4975924528866666, 
  "a1": 1.3253495482883977e-19, 
  "a2": 0.93479139636267683, 
  "a3": -0.032595080332131605, 
  "a4": 0.10000000000000001, 
  "a5": 4.9846845732854219e-06
}