{
  "a0": 0.62423422331243439, 
  "a1": 0.00082614040300257126, 
  "a2": 0.97184198763491525, 
  "a3": -0.046618631602343745, 
  "a4": 0.10000000000000001, 
  "a5": 8.670713471062995e-21
}