{
  "a0": 0.12173777247667447, 
  "a1": 0.0036341785240432338, 
  "a2": 0.98999999999999988, 
  "a3": -0.0027710078694081304, 
  "a4": 0.10000000000000001, 
  "a5": 2.8204221378983507e-05
}