{
  "a0": 0.15404472562957644, 
  "a1": 0.0017609228628455427, 
  "a2": 0.98999999999999988, 
  "a3": -0.0037572863585452025, 
  "a4": 0.10000000000000001, 
  "a5": 5.6709977268913616e-05
}