{
  "a0": 0.12620693301048932, 
  "a1": 0.0024210203322767155, 
  "a2": 0.98999999999999988, 
  "a3": -0.00091843449273443884, 
  "a4": 0.10000000000000001, 
  "a5": 5.5848970851864848e-05
}