{
  "a0": 1.1099800856096422, 
  "a1": 5.1358633864145708e-14, 
  "a2": 0.95153117031631207, 
  "a3": -0.0022560064410741747, 
  "a4": 0.10000000000000001, 
  "a5": 5.1409587458255693e-06
}