{
  "a0": 0.3466776940495393, 
  "a1": 0.0031996743879791779, 
  "a2": 0.98315489223019592, 
  "a3": -0.045975935374340617, 
  "a4": 7.8642064668637097e-06, 
  "a5": 3.4818531452039802e-06
}