{
  "a0": 0.096090631468630505, 
  "a1": 0.0, 
  "a2": 0.99609598307509617, 
  "a3": -0.0055094320917571851, 
  "a4": 9.891995800600207e-07, 
  "a5": 2.2318969483028936e-07
}