{
  "a0": 0.9149199471876841, 
  "a1": 0.0, 
  "a2": 0.97506074252120223, 
  "a3": -0.42974099913590963, 
  "a4": 9.6715588717151832e-06, 
  "a5": 0.0
}