{
  "a0": 5.606043206694487, 
  "a1": 0.010448754870649127, 
  "a2": 0.72026622399480988, 
  "a3": -0.28080920080233684, 
  "a4": 1.0685896612017132e-14, 
  "a5": 0.00055700283643966841
}