{
  "a0": 10.395104910691048, 
  "a1": 1.7697831320366065e-20, 
  "a2": 0.55515467613515956, 
  "a3": -1.0805512894276021, 
  "a4": 0.10000000000000001, 
  "a5": 0.00047613379715958178
}