{
  "a0": 1.5345950113324553, 
  "a1": 0.023403843594656124, 
  "a2": 0.89613170709385359, 
  "a3": -0.048511515728892979, 
  "a4": 0.10000000000000001, 
  "a5": 0.00061098879989629137
}