{
  "a0": 0.13673462216284449, 
  "a1": 0.0, 
  "a2": 0.99420521934172446, 
  "a3": -0.0004981796026635874, 
  "a4": 2.2700275627540765e-07, 
  "a5": 0.0
}