{
  "a0": 0.24818895167259925, 
  "a1": 0.0026739136995281312, 
  "a2": 0.98723431375383996, 
  "a3": -0.0038194384919434045, 
  "a4": 6.5417365719280415e-07, 
  "a5": 4.3026627587149374e-06
}