{
  "a0": 0.10571952541644336, 
  "a1": 0.00054334390155656622, 
  "a2": 0.99513883258641478, 
  "a3": -0.0010184358181923869, 
  "a4": 8.630694141061344e-08, 
  "a5": 1.8684839241636342e-06
}