{
  "a0": 0.59983039671886118, 
  "a1": 0.0024198135911892679, 
  "a2": 0.97325344899922739, 
  "a3": -0.056844255329217233, 
  "a4": 7.5797568571681067e-06, 
  "a5": 0.0
}