{
  "a0": 0.028589103598910981, 
  "a1": 0.0, 
  "a2": 0.9989834320863753, 
  "a3": -0.0067254411749499716, 
  "a4": 3.3569170574997049e-07, 
  "a5": 0.0
}