{
  "a0": 0.27431274936261829, 
  "a1": 0.0, 
  "a2": 0.98886699655747134, 
  "a3": -0.010883001766236272, 
  "a4": 0.0, 
  "a5": 0.0
}