{
  "a0": 5.8044530962363758, 
  "a1": 0.0, 
  "a2": 0.75429986586330455, 
  "a3": -0.2152469385620201, 
  "a4": 0.00010187960990546742, 
  "a5": 0.0
}