{
  "a0": 3.4260350641520994, 
  "a1": 0.0, 
  "a2": 0.86189141702714445, 
  "a3": -0.23453415890006296, 
  "a4": 2.9513715587204479e-05, 
  "a5": 0.0
}