{
  "a0": 2.9830755821983388, 
  "a1": 0.0, 
  "a2": 0.88204513270234874, 
  "a3": -0.025677146988768888, 
  "a4": 9.4199684321256527e-07, 
  "a5": 0.0
}