{
  "a0": 4.4243088646058233, 
  "a1": 0.016100878736409533, 
  "a2": 0.80650659727700813, 
  "a3": -0.050568204486950562, 
  "a4": 6.3167243498202126e-06, 
  "a5": 0.0
}