{
  "a0": 5.6409249594153934, 
  "a1": 0.0, 
  "a2": 0.76120276520781882, 
  "a3": -0.022115895109396815, 
  "a4": 1.0751919696401624e-05, 
  "a5": 0.0
}