{
  "a0": 0.32266413871992583, 
  "a1": 0.0, 
  "a2": 0.98707889392158321, 
  "a3": -0.0024050860228552262, 
  "a4": 7.5768196681421056e-08, 
  "a5": 0.0
}