{
  "a0": 0.097581486342775747, 
  "a1": 0.0, 
  "a2": 0.99675107375076466, 
  "a3": -0.002843201596685867, 
  "a4": 2.4058009829120674e-07, 
  "a5": 0.0
}