{
  "a0": 0.58812598461798515, 
  "a1": 0.0, 
  "a2": 0.9750966118626655, 
  "a3": -0.0022214260274404222, 
  "a4": 1.0410200795018591e-06, 
  "a5": 0.0
}