{
  "a0": 8.3839736899596353, 
  "a1": 0.0071314618067470767, 
  "a2": 0.6248368859484531, 
  "a3": -0.5901990073703709, 
  "a4": 0.10000000000000001, 
  "a5": 8.7912130593032392e-19
}