{
  "a0": 3.8678916451497893, 
  "a1": 0.025492394818668912, 
  "a2": 0.80257933797787362, 
  "a3": -0.30881262296470652, 
  "a4": 0.10000000000000001, 
  "a5": 9.6226199851945285e-25
}