{
  "a0": 3.6475164568575682, 
  "a1": 1.9997739562806918e-21, 
  "a2": 0.84445153980877741, 
  "a3": -0.15444973435838572, 
  "a4": 0.10000000000000001, 
  "a5": 4.1781683270382282e-05
}