{
  "a0": -0.80663046494195423, 
  "a1": 0.037529497498942258, 
  "a2": 0.98999999999999988, 
  "a3": -0.022550867022666898, 
  "a4": 0.10000000000000001, 
  "a5": 0.00029345595280133374
}