{
  "a0": -0.65916780078371762, 
  "a1": 0.021267897111665761, 
  "a2": 0.98999999999201205, 
  "a3": -0.01465642241393786, 
  "a4": 0.10000000000000001, 
  "a5": 0.00041697773974301686
}