{
  "a0": 0.33086777581531246, 
  "a1": 0.020731804806460516, 
  "a2": 0.94247951862556267, 
  "a3": -0.0045825471468943692, 
  "a4": 3.8857805861880479e-16, 
  "a5": 0.00062391089193447602
}