{
  "a0": 0.20787320237551757, 
  "a1": 0.00042870286380661227, 
  "a2": 0.98999999999999988, 
  "a3": -0.013740342390130035, 
  "a4": 0.10000000000000001, 
  "a5": 1.5756178028603286e-05
}