{
  "a0": 0.23723927343816537, 
  "a1": 3.9042496697497997e-17, 
  "a2": 0.98999999999999988, 
  "a3": -0.026541830502905858, 
  "a4": 0.10000000000000001, 
  "a5": 9.3819583499157575e-06
}