{
  "a0": 0.32965987073204356, 
  "a1": 4.4144846341669264e-20, 
  "a2": 0.98563101995036451, 
  "a3": -0.0071502634120794873, 
  "a4": 0.10000000000000001, 
  "a5": 1.1149721807451808e-06
}