{
  "a0": 0.22462277369185829, 
  "a1": 0.00010830495896500543, 
  "a2": 0.98999999999999988, 
  "a3": -0.014711986890312242, 
  "a4": 0.10000000000000001, 
  "a5": 1.7364805039612553e-30
}