{
  "a0": 0.18712559557618816, 
  "a1": 0.001476737216727889, 
  "a2": 0.98999999999999988, 
  "a3": -0.0017478927971180673, 
  "a4": 0.10000000000000001, 
  "a5": 8.4534335368108061e-06
}