{
  "a0": 0.1894922120673441, 
  "a1": 0.0011388449017916565, 
  "a2": 0.98999999999999988, 
  "a3": -0.0023032735379272893, 
  "a4": 0.10000000000000001, 
  "a5": 1.6453443693302927e-05
}