{
  "a0": 0.20402744575911866, 
  "a1": 0.00096349044612048865, 
  "a2": 0.98999999999999988, 
  "a3": -0.0029537629220021456, 
  "a4": 0.10000000000000001, 
  "a5": 1.371963636694767e-05
}