{
  "a0": 0.26059337132159816, 
  "a1": 1.9658575412963426e-24, 
  "a2": 0.98868536824910636, 
  "a3": -0.00053796036763010971, 
  "a4": 0.10000000000000001, 
  "a5": 1.094852378388974e-06
}