{
  "a0": 0.39422042087598086, 
  "a1": 0.00019904244128541695, 
  "a2": 0.98305122743852436, 
  "a3": -0.036490614024030699, 
  "a4": 0.10000000000000001, 
  "a5": 4.8435807145080454e-21
}