{
  "a0": 0.18320826199677515, 
  "a1": 0.0015757217867201885, 
  "a2": 0.98999999999999988, 
  "a3": -0.010270184650939759, 
  "a4": 0.10000000000000001, 
  "a5": 1.5085929625006743e-29
}