{
  "a0": 0.23418768833803288, 
  "a1": 3.5371521278345871e-05, 
  "a2": 0.98999999999999988, 
  "a3": -0.013836702250149525, 
  "a4": 0.10000000000000001, 
  "a5": 4.5299434088472087e-06
}