{
  "a0": 6.623244093392592, 
  "a1": 0.014806702261525679, 
  "a2": 0.69623147609134961, 
  "a3": -0.60677304212008754, 
  "a4": 0.10000000000000001, 
  "a5": 0.00010859500370997826
}