{
  "a0": 7.4335264167007811, 
  "a1": 0.0060465678601826197, 
  "a2": 0.63184790143737568, 
  "a3": -0.47545440721251853, 
  "a4": 1.3322676295501878e-15, 
  "a5": 0.0010793768443871921
}