{
  "a0": 4.7006919730220176, 
  "a1": 8.937555520472973e-10, 
  "a2": 0.83484172325472106, 
  "a3": -0.63923672941563192, 
  "a4": 0.10000000000000001, 
  "a5": 3.7974427381958104e-28
}