{
  "a0": 9.0334662286844996, 
  "a1": 3.396696390925681e-27, 
  "a2": 0.62797063524329766, 
  "a3": -0.18333515788331392, 
  "a4": 0.10000000000000001, 
  "a5": 2.5714942770276717e-05
}