{
  "a0": 2.1303311526767628, 
  "a1": 9.4739551465031176e-21, 
  "a2": 0.91271921082861185, 
  "a3": -0.26951323609290712, 
  "a4": 0.10000000000000001, 
  "a5": 6.5630877852979335e-05
}