{
  "a0": -0.044279054226422504, 
  "a1": 0.0092988371941740838, 
  "a2": 0.98999999999999988, 
  "a3": -0.0056317008086396543, 
  "a4": 0.10000000000000001, 
  "a5": 7.7357003671543577e-05
}