{
  "a0": -0.006487626558204688, 
  "a1": 0.0054982093358867234, 
  "a2": 0.98999999999993882, 
  "a3": -0.0038035774611178629, 
  "a4": 0.10000000000000001, 
  "a5": 0.00010618163598610869
}