{
  "a0": 0.3822474611334421, 
  "a1": 0.0002680409484514608, 
  "a2": 0.98394446415337133, 
  "a3": -0.010656789700759613, 
  "a4": 0.0, 
  "a5": 1.0262707617404226e-06
}