{
  "a0": 0.59780868894687345, 
  "a1": 8.4465588543659009e-20, 
  "a2": 0.97055141826132085, 
  "a3": -0.033893711899514636, 
  "a4": 0.10000000000000001, 
  "a5": 9.3075627184933368e-05
}